62 7
 35.80  36.31  36.82  37.33  37.84  38.35  38.86 
140.80 142.81 144.82 146.83 148.84 150.85 152.86 
245.80 249.31 252.82 256.33 259.84 263.35 266.86 
350.80 355.81 360.82 365.83 370.84 375.85 380.86 
455.80 462.31 468.82 475.33 481.84 488.35 494.86 
560.80 568.81 576.82 584.83 592.84 600.85 608.86 
665.80 675.31 684.82 694.33 703.84 713.35 722.86 
770.80 781.81 792.82 803.83 814.84 825.85 836.86 
875.80 888.31 900.82 913.33 925.84 938.35 950.86 
980.80 994.81 1008.82 1022.83 1036.84 1050.85 1064.86 
1085.80 1101.31 1116.82 1132.33 1147.84 1163.35 1178.86 
1190.80 1207.81 1224.82 1241.83 1258.84 1275.85 1292.86 
1295.80 1314.31 1332.82 1351.33 1369.84 1388.35 1406.86 
1400.80 1420.81 1440.82 1460.83 1480.84 1500.85 1520.86 
1505.80 1527.31 1548.82 1570.33 1591.84 1613.35 1634.86 
1610.80 1633.81 1656.82 1679.83 1702.84 1725.85 1748.86 
1715.80 1740.31 1764.82 1789.33 1813.84 1838.35 1862.86 
1820.80 1846.81 1872.82 1898.83 1924.84 1950.85 1976.86 
1925.80 1953.31 1980.82 2008.33 2035.84 2063.35 2090.86 
2030.80 2059.81 2088.82 2117.83 2146.84 2175.85 2204.86 
2135.80 2166.31 2196.82 2227.33 2257.84 2288.35 2318.86 
2240.80 2272.81 2304.82 2336.83 2368.84 2400.85 2432.86 
2345.80 2379.31 2412.82 2446.33 2479.84 2513.35 2546.86 
2450.80 2485.81 2520.82 2555.83 2590.84 2625.85 2660.86 
2555.80 2592.31 2628.82 2665.33 2701.84 2738.35 2774.86 
2660.80 2698.81 2736.82 2774.83 2812.84 2850.85 2888.86 
2765.80 2805.31 2844.82 2884.33 2923.84 2963.35 3002.86 
2870.80 2911.81 2952.82 2993.83 3034.84 3075.85 3116.86 
2975.80 3018.31 3060.82 3103.33 3145.84 3188.35 3230.86 
3080.80 3124.81 3168.82 3212.83 3256.84 3300.85 3344.86 
3185.80 3231.31 3276.82 3322.33 3367.84 3413.35 3458.86 
3290.80 3337.81 3384.82 3431.83 3478.84 3525.85 3572.86 
3395.80 3444.31 3492.82 3541.33 3589.84 3638.35 3686.86 
3500.80 3550.81 3600.82 3650.83 3700.84 3750.85 3800.86 
3605.80 3657.31 3708.82 3760.33 3811.84 3863.35 3914.86 
3710.80 3763.81 3816.82 3869.83 3922.84 3975.85 4028.86 
3815.80 3870.31 3924.82 3979.33 4033.84 4088.35 4142.86 
3920.80 3976.81 4032.82 4088.83 4144.84 4200.85 4256.86 
4025.80 4083.31 4140.82 4198.33 4255.84 4313.35 4370.86 
4130.80 4189.81 4248.82 4307.83 4366.84 4425.85 4484.86 
4235.80 4296.31 4356.82 4417.33 4477.84 4538.35 4598.86 
4340.80 4402.81 4464.82 4526.83 4588.84 4650.85 4712.86 
4445.80 4509.31 4572.82 4636.33 4699.84 4763.35 4826.86 
4550.80 4615.81 4680.82 4745.83 4810.84 4875.85 4940.86 
4655.80 4722.31 4788.82 4855.33 4921.84 4988.35 5054.86 
4760.80 4828.81 4896.82 4964.83 5032.84 5100.85 5168.86 
4865.80 4935.31 5004.82 5074.33 5143.84 5213.35 5282.86 
4970.80 5041.81 5112.82 5183.83 5254.84 5325.85 5396.86 
5075.80 5148.31 5220.82 5293.33 5365.84 5438.35 5510.86 
5180.80 5254.81 5328.82 5402.83 5476.84 5550.85 5624.86 
5285.80 5361.31 5436.82 5512.33 5587.84 5663.35 5738.86 
5390.80 5467.81 5544.82 5621.83 5698.84 5775.85 5852.86 
5495.80 5574.31 5652.82 5731.33 5809.84 5888.35 5966.86 
5600.80 5680.81 5760.82 5840.83 5920.84 6000.85 6080.86 
5705.80 5787.31 5868.82 5950.33 6031.84 6113.35 6194.86 
5810.80 5893.81 5976.82 6059.83 6142.84 6225.85 6308.86 
5915.80 6000.31 6084.82 6169.33 6253.84 6338.35 6422.86 
6020.80 6106.81 6192.82 6278.83 6364.84 6450.85 6536.86 
6125.80 6213.31 6300.82 6388.33 6475.84 6563.35 6650.86 
6230.80 6319.81 6408.82 6497.83 6586.84 6675.85 6764.86 
6335.80 6426.31 6516.82 6607.33 6697.84 6788.35 6878.86 
6440.80 6532.81 6624.82 6716.83 6808.84 6900.85 6992.86 
